86 -45 39 -58 61 -70 -42 74 -15 -6

-61 -57 95 -96 -9 51 100 27 48 75 -34 -51 45 -61 -17 -61 -6 -71 4 -88 2 -6 79 47 44 68 7 -52 -11 -24 96 81 85 -73 92 -89 -23 -41 77 89 16 -45 92 75 -29 68 -15 96 -33 1 38 -59 87 80 -36 -89 -60 -97 61 92 -40 75 27 -43 -39 -26 -53 7 43 26 82 -12 -63 -25 -40 -17 11 -52 -65 -59 -11 -79 35 2 -24 41 55 72 -21 -84 36

24 88 33 -51 -13 81 27 -30 45 -97 93 49 -30 -45 31 -64 30 -88 38 28 -61 -35 -74 -12 -18 31 58 96 83 -67 -56 26 -66 -79 87 -39 -95 -74 33 94 74 -73 74 -46 50 17 -71 20 -37 -27 12 -24 -12 -73 -77 96 61 31 97

10 100 1 2 5 -9 0

4 -83 7 95 18 22 -44 -48 53 -98 -91 -83 -81 -23 -85 11 -97 74 -81 -47 -53 55 -35 18 88 -82 29 -47 -69 -94 79 94 20 -94 33 -79 27 -96 -92 -29 12 -61 8 -33

7 -22 6 -7 -49 8 -32 57 -33 98 -9 69 45 4 53 19 56 -58 -87 -5 -8 -73 -65 -31 93 -32 -33 79 74 -60 -38 -13 -44 55 -77 -35 -49 95 -25 94 -14 -45 23 12 35 -36 89 -4 73 44 -99 3 -30 8 54 -15 32 -16 -79 -30 72 14 80 -7 4 72 -76 34 5 34 -22 -59 -91 -13 -27 72 64 24 47 94 -97 -26 53

98 -18 94 0 -9 28 -30

-30 15 37 15 -49 44 -74 -89 -63 90 24 -17 -24 -36 -19 90 -44 -6 -61 5 4 -17 -61 71 -95 99 40 77 62 40 30 -74 -3 12 -4 -74 -74 96 -63 -18 51 -10 35 89 97 -16 31 10 -53 66 -22 15 -5 77 -80 93 5 -47 -31 -43 21 -89 -41 -60 32 -52 90 8 3 -62 -26 -87 48 -80 -18 60 -30 -4 50 67 -75 -42 -83 -52 99 46 -86 -2 -47 12 -8 -83 -47 53 41 -87 78 7 -30 -5

-39 18

29 41 -18 -83 32 56 -77 -29 19 -24 62 77 39 -9 -11 90 -58 58 -9 -52 -69 -25 59 -29 86 37 5 94 -50 -79 42 -23 74 5 52 35 -61 90 -43 20 52 50 42 -74 -37 22 33 -62 79 -5 -68 5 -8 95 -88 -55

-94 57 32 -85 -75 70 77 94 89 -38 -64 74 -10 92 97 24 -39 -18 -62 71 52 79 88 44 -7 -49 14 76 -45 36 3 89 -64 -93 -97 -63 -3 43 43 75 -22 -49 89 -22 81 -9 27 83 -90 90 -20 62 36 40 76 49 54 -78 -38 7 -53 23 -66 -87 -48 -3 -96

-95 5 -90 21 67 -97 70 8 -13 -3 -56 -67 -2 -40 54 93 62 -12 92 -26 29 77 -48 18 -37 56 -91 74 80 51 89 -97 52 -98 -12 30 15 82 -72 -29 -84 85 73 43 -45 -62 -83 83 -51 -97 32 0 31 0 49 -16 63 29 -57 92 -77 9 29 -56 -53 -27 94 33 -58 -13 -90 -85 -53 48 -49 23 76 70 -68 23 54 82 73 -1 -95 -43 -80 64 61 41 -84 -50 92 -22 88 41 54 77

88 3 -2 -44 29 -3

-99 85 -80 52 -27 -27 84 28 44 -90 -87 -67 62 -15 70

2 -55 -65 58 -61 -63 3 86 87 -60 28 54 60 -3 -60 -78 -12 -67 -80 -93 15 -7 25 -4 -76 -31 86 -7 87 14 -89 -94 -3 41 71 54 18 87 -95 -60 -50 -25 -16 -80 6

-35 39 -93 44 9 1 54 97 22 -14 -9 -21 -39 100 58 70 -2 4 -71 74 -79 95 -78 -1 74 51 -67 83 -41 -20 19 55 -15 50 55 62 10 -10 78 51 -40 -92 -66 -26 62 -16 -74 -77 9 -57 -94 45 95 -13 -90 -17 79 -28 -53 89 -59 -39 9 -31 -76 86 36 -33 -90 -81 -29 37 -35 -28 -66 97 -17 44 81 -3 43 0 69 31 -64 2

-85 -17 -74 -86 93 -82 -80 21 70 -39 13 15 17 -9 -22 -67 24 -34 41 98 -80 39 18 41 -18 33 9 -98 -84 -19 92 -89 42 4 -78 75 -52 -14 -37 60 23 -20 84 -70 42 18 -57 -55 6 -15 -93 81 15 32 -61 -97 -78 -93 65 65 -81 -19 -3 27 32 65 45 -5 6 55 -35 2 5

-57 88 5 -90 0 35 58 88 -4 -7 13 19 -10 78 -8 -67 -61 70 -88 -97 25 31 -5 -89 60 -45 -73 -40 -48 34 -17 -100 23 14 64 -71 -45 -89 -33 -81 79 83 -49 -15 -47 -53 -59 -78 -6 -23 97 92 -60 -87 64 -89 66 20 -6 72 -31 -34 -76 -96 29 55 -75 44 22 90 82 -43 -91 64 51 70 14 -5 -51 -71 86 -75 -57 95 94 -73 76 86 -2 13 49 6 -48 -88 72 -5 -83 56 -29

-89 19 -98 -49 58 77 96 -50 -39 -55 56 22 100 -37 -43 92 -2 78 -15 80 -95 22 -85 1 -11 -94 66 1 -13 -66 -37 -94 91 84 -28 60 42 -81 -36 -55 31 73 -29 76 40 15 24 20 -86 -70 -36 19 46 79 -30 -52 41 -5 -90 73 -74 6 7 25 -2 -91 10 85 -20 -32 61 -40 -51 5 50 30 -13 89 -88 84 34

99 63 -54 -63 -81 -21 -71 -55 -87 -64 83 -8 -46 -82 -73 74 70 13 63 -81 32 87 90 -97 -3 34 -66 23 -72 -11 -86 -1 -100 54 6 -20 42 -69 -78 -98 10 -49 -45 31 -1 -41 58 -56 -55 27 66 15 26 -11 -39 63 -21 20 90 90 14 74 -23 -4 -3 21

15 56 -94 -12 59 -17 -44 47 59 21 90 -62 57 85 -4 98 -76 61 -91 74 -81 96 58 83 59 -29 -97 37 -82 -83 -59 -63 78 25 -41 29 -70 -64 91 -78 -69 -8 -59 -48 33 21 -46 -17 24

-6 -58 -35 77 -47 -30 -97 97 -6 -19 -54 -86 65 10 -94 43 58 -79 40 -46 32 69 -21 73 -96 -54 -20 -82 73 -93 41 82 60 -65 -4 -70 -28 28 -41 49 33 -22 -97 -78 62 -60 -37 76 69 -33 -61 -98 -99 -70 -66 37 55 -49 -94 -64 -40 -53 -61 27 -80 -6 -25 43 -2 77 53 27 6 86 -60 -7 -6 86 91

-20 71 40 31 -97 77 95 41 -38 51 -43 -80 -75 54 -17 66 -49 -3 60 -91 -35 -96 91 -60 -22 -64 32 89 31 -74 57 -49 68 37 -44 -15 -77 70 -42 61 -70 -28 19

44 -60 -85 56 26 11 60 3 -10 -33 47 34 -77 -55 32 -50 72 -94 17 -78 -91 -45 9 -100 85 18 -99 17 -22 91 -47 -93 43 -7 61 55 17 -89 -11 45 -24 58 90 68 71 18 26 61 25 -13 -72 31 33 -14 20 18 70 -71 -79

10 -1

66 -64 65 -49 8 49 56 54 46 -32 39 -32 -51 60 -53 8 5 -74 17 -83 80 62 87 50 80 -28 85 33 -64 59 51 0 -40 9 -100 24 -55 40 86 -74 100 15 53

3 61 -85 -83 -69 44 -96 -93 23 -14 7 -8 44 36 -76 -85 -63 0 2 55 -49 -18

-67 -36 88 74 -16 -28 -87 88 -50 48 35 -81 -51 56 -94 54 45 -26 -63 -47 -29 -57 5 -23 -19 -77 15 -80 75 -53 -22 13 80 -71 91 -80 -20 -84 -12 92 -28 -61 46 -51 72 81 -58 99 -52 -24

-5 -86 -66 -96 -77 68 -27 95 -72 -75 40 40 -79 -89 -58 94 -62 55 3 70 -26 -27 62 -23 -6 77 55 -43 -18 -95 65 -8 47 64 90 22 56 -38 -37 -16 -7 -17 -22 -97 67 -91 93 -81 59 47 -49 94 -37 24 53 -3 -65 42 -58 57 60 -97 26 98 -89 -16 -41 -79 -48 -50 21 82

-27 -53 47 -1 77 29 -50 59 -80 -62 67 -53 51 -54 39 -8 79 -56 -4 29 41 -37 16 92 62 -26 16 -63 31 10 67 46 -61 -41 -33 -67

25 71 96 -54 -80 76 -64 -44 -84 -71 -87 28 -73 -56 1 56 93 54 85 -79 -48 5 87 87 -84 83 -40 25 82 100 2 9 -59 88 -20 -46 67 -19 94 -78 31 87 -47 29 2 97 -8 -15 -45 84 88 -62 7 -65 -33 -42 -33 57 -50 -82 -27 -29 -27 46 2 -3 73 -5 -40 -67 -69 -19 -48 -31 44 56 9 -29 -46 -91 73 -88 -80 28 35

51 -47 39 -65 -77 69 -31 19 -32 29 -57 -61 -55 29 -38 53 35 18 47 7 8 -100 -50 32 24 93 52 88 31 -96 71 -39 73 23 0 39 -47 -59 -44 -14 -65 -90 73 -88 97 -59 -62 1 50 55 6 -92 56 64 -79 -80 27 -99 -53 -41 -9 -79 63 -33 -29 28 -100 -55 9 -100 39 -55 16 36 83 -43 -1 29 -43 88 46 -61 -78 22 47 60

19 -56 63 42 71 -2 49 100 8 37 -67 71 33 -59 -68 -76 31 -65 -32 -99 4 -5 -54 69 -24 77 -55 -64 -22 47 -77 -21 83

10 20 30 40

10 -98 83 -93 78 2 -30 -60 -68 95 -58 -26 18 66 -96 -39 -69 8 98 19 77 -99 -42 27 -1 99 97 -92 70 -32 67 2 99 42 -16 20 29 -85 -15 -56 -24 98 14 -97 -91 -12 96 -23 -47 57 -63 42 99 99 25 46 40 86 -78 14 12 -44 21 1 60 58 -17 -64 67 -36 80 -26 97 99 -47 53 -77 63 38 -21 99 -78 -44 25 17 55 -85 -96 -96 -57 -38 -50 -8 24 -58 11

-18 37 -72 -3 -92 42 -62 16 46 -60 -62 48 52 -99 -64 88 -98 -81 -81 -83 87 81 -36 14

52 30 -4 -67 91 35 -74 7 -53 78 50 52 60 -81 -59 -86 -73 -70 8 -20 -7 79 6 -43 95 -22 -58 55 -51 10 39 76 -71 -71 12 16 -74 53 42 20 54 39

-47 -71 -36 13 8 -62 -21 30 9 32 -69 31 99 96 0 -41 -45 -64 -71 94 14 -3 37 11 -79 -9 34 -65 44 16

1 2 3 4

66 35 59 -72 4 -93 -25 -7 28 42 -55 -15 -85 -40 53 51 -99 -53 -77 35 -89 -98 -32 -64 -57 82 56 -82 56 -27 65 -77 89 91 -79 53 7 73 -65 10 56
